Surface_atoms	coordination	avg_site_bond_dis	dband_center	dband_width
The molecule is physisorbed or something is off chech this path 
The molecule is physisorbed or something is off chech this path 
The molecule is physisorbed or something is off chech this path 
[47, 47]  	  2  	  2.318940613889257  	  -2.3425641790666814  	  2.817607959069096  
[45, 45]  	  2  	  2.371086877703473  	  -2.4256573400286143  	  3.0804743644005708  
[22, 22]  	  2  	  2.345404995248339  	  -2.531895047928462  	  3.202557730278707  
[22, 22]  	  2  	  2.328063664927891  	  -2.514417307065182  	  3.020842672475195  
[45, 45]  	  2  	  2.2499001434533126  	  -2.177414018820822  	  2.903634646033944  
The molecule is physisorbed or something is off chech this path 
[44, 44]  	  2  	  2.2952444460695114  	  -2.0513392039903167  	  2.742058527711846  
[47, 47]  	  2  	  2.253872409773509  	  -2.183458822153983  	  3.1655319973947966  
[45, 45, 23]  	  3  	  2.191682256926058  	  -1.8612759173272473  	  2.375904630944422  
[46, 45]  	  2  	  2.1420273995833203  	  -1.7323846004483205  	  2.4354990228734956  
[44, 44]  	  2  	  2.1333910420670654  	  -2.2187226330729737  	  2.546565878230379  
[25, 25, 12, 12]  	  4  	  2.212638438392632  	  -1.909443898034922  	  2.518027505729232  
[37, 36, 36]  	  3  	  2.3015842581045485  	  -2.0817212356715498  	  2.700474018601723  
[37, 36, 36]  	  3  	  2.3015842581045485  	  -2.0817212356715498  	  2.700474018601723  
[40, 40]  	  2  	  2.2876855285483595  	  -2.0346106265096044  	  2.7097657089177587  
[54, 55, 54, 55]  	  4  	  2.2276041884663056  	  -2.880340052475921  	  3.706618661234497  
[45, 46, 45]  	  3  	  2.2249497698262792  	  -1.9325352068266286  	  2.5587201133889916  
[46, 46]  	  2  	  2.2679926141907147  	  -2.0125468854156243  	  2.6657256177676643  
[51, 53, 13, 51]  	  4  	  2.2846983558825724  	  -2.207965538732834  	  2.847234106462278  
[52, 52, 53]  	  3  	  2.340813890351145  	  -2.5283106235241966  	  2.8758784486831974  
[40, 54, 54, 40]  	  4  	  2.262164684441434  	  -2.172370718492811  	  3.261499154098468  
[64, 60]  	  2  	  2.126026778304531  	  -1.8333211614061358  	  2.494462832091287  
[42, 36]  	  2  	  2.1270847024573465  	  -1.9044969885178855  	  2.617445594385312  
The molecule is physisorbed or something is off chech this path 
[50, 53, 53]  	  3  	  2.2909785700475296  	  -2.040446851156656  	  2.7088169928824155  
[54, 54]  	  2  	  2.3495114430330197  	  -2.3832133063309975  	  3.0979839518855132  
[65, 55]  	  2  	  2.1215929146744124  	  -1.8538742399262476  	  2.5434454479733972  
[24, 25, 29, 25, 29, 24]  	  6  	  2.360542920096464  	  -1.1972874270708147  	  2.4460546265785186  
[49, 47, 49, 47]  	  4  	  2.260007291466025  	  -0.7575177600862442  	  1.8988484208405119  
[46, 45, 45, 46, 45]  	  5  	  2.225644805407012  	  -0.6097969733597087  	  1.7548633714119315  
[23, 21, 23, 21]  	  4  	  2.2139929502340214  	  -0.7642694396114076  	  1.9193555867136816  
[39, 39]  	  2  	  2.289870956423215  	  -2.4936087546224694  	  3.0821117712112738  
[39, 39]  	  2  	  2.2728887625307106  	  -2.5117289436995938  	  2.998853707560425  
[57, 50]  	  2  	  2.1402257423008204  	  -1.9348683569346896  	  2.6335877693442376  
[40, 40]  	  2  	  2.2692576635852206  	  -1.701278831812149  	  2.4706618673494565  
[38, 43]  	  2  	  2.2006938415307102  	  -1.8747831987081252  	  2.6092886446582497  
[40, 40]  	  2  	  2.2292501579629818  	  -1.7622698908989471  	  2.4866353902200187  
[38, 41]  	  2  	  2.1460957674608903  	  -1.9826216173615188  	  2.6718167891041222  
[59, 50]  	  2  	  2.2426238668988834  	  -2.01668734053799  	  2.697708815795475  
[40, 40]  	  2  	  2.2326769024770354  	  -2.1019993210400734  	  2.765165019367529  
[54, 41, 54, 41, 40]  	  5  	  2.2484156407410074  	  -1.546212900576873  	  2.39063921063403  
[12, 50, 12]  	  3  	  2.1939309485053613  	  -1.7271023536425663  	  2.8693970274616896  
[53, 52]  	  2  	  2.160682310690966  	  -2.1259403999471345  	  2.833342815009787  
